-7868.971744838817
-9144.45949321882
9646.843517693724
8252.63443557853
8263.979643898554
-6024.372429808165
832.3879891078159
-5114.91148893306
-809.8960147709786
250.36963340092007
9886.906016269011
7348.071624756383
-8198.487781644299
-2365.5029164515854
9291.476849616341
7009.621778186851
70.25676915334043
6297.558067735108
-6167.426667713338
-3012.223200288877
-2420.6413071374564
-3429.1710241953942
97.75694361948626
1939.373256197121
6159.687804881985
-8454.265059238824
5949.799091404808
-4278.499767437278
9904.119726822053
3585.6879685924214
8431.598106730838
455.92899871307964
-373.3216561835088
7815.286939950151
-4773.288861787209
-5462.561160789972
-3419.591465980602
-3391.037154540535
-394.37389539251853
-8180.756120925276
5090.61259439407
-4400.769242675909
-5725.270550244954
2926.254763429495
-6572.9714232018705
-7662.393458381079
6003.55175085888
5748.055609881749
-5920.988918744037
-8350.438947382836
-5795.830023063244
2920.933337796845
-3135.42744855593
-7308.10528881531
5701.0585130381605
-559.9521016304079
-1058.7252614606296
8944.22242307194
3312.690822083301
-4977.998394661947
2084.997494449024
6691.99138091139
-323.2845564587733
7494.255728944703
-4610.977292092982
-5897.967042089278
-4549.081882773169
-1567.6005248361598
2401.2527599192235
329.17859678478453
-6702.003889029378
-7309.488649751313
4733.644325328325
-7724.632923811166
9420.653259063649
4564.5432492854
4666.077025234017
4674.403920199196
-3753.9533504379415
-6398.745374850758
-5653.5706027008655
-7732.1150477655065
1670.812143571753
883.9321241618545
2718.707129607774
7390.098156712418
-690.0136273938042
-6114.842624704939
-7632.502599979298
9923.691560521227
1697.820226758471
7431.185875127347
-7518.876793161679
2067.4885205078426
-4778.220858608711
5296.0150740089175
2254.750973747834
-7310.752296277064
-9882.149756197356
-3530.4134990779175
7188.160393674949
8692.922305896882
3077.1551717184757
-4497.687772987322
-8589.305505326598
-5271.940167701925
3052.8164821436367
-5585.964176613458
-7171.676953818271
8396.859849969202
-9785.792449270017
4094.9784086597883
-2073.508223905478
854.9850371057873
-560.5472974359909
-1376.316876603456
9316.669627182302
-3594.1224880819836
-1712.593678294179
-9022.834424512223
184.99359012760215
-2820.4360883750915
2792.43174929437
-440.3271605507907
-5179.441519027761
874.3394448272466
2645.075360748131
2526.657410809865
-4633.874926729731
-1935.8551339699616
9691.975460089361
-4893.222436373637
-8370.773475545737
-2958.4083576365992
2453.152426002387
8255.811078300452
2964.699689801777
8297.745693944988
-7646.37003928714
9844.520499638289
5213.592014722488
-2657.382290396102
7987.311180532008
6939.415059885123
-2880.2558728615586
2848.885369919408
-9273.769275721226
4192.390219605171
-8944.024639509513
-4769.649884509237
9.781967584915037
8730.668393872857
-7730.194914230437
-5471.480861148543
-7506.291135002439
-6937.279445077946
1743.5599249308234
587.8752762141776
-4011.6090065032495
-5787.047433975942
-8986.453347000848
8780.785743597458
1577.6460892650794
-9746.952712275826
8577.763380632132
7172.793314328515
-689.9162341784668
-1919.9364993024528
9548.868965744754
-1686.5657015220513
957.6704861493654
-6076.438875928691
21.377495082126188
-9146.690044200881
6699.528695837045
8372.736173356516
-8141.5505516227895
-9920.607930729555
-7026.1946710482935
5298.671133601625
8939.31705116251
4364.39587347511
-1872.59758133969
-2571.304165777732
-8862.98634599972
5372.588472631602
-6097.299375721097
5203.745339781362
4493.7583734262935
1581.738243714597
-6638.788268911946
508.5494047827797
-790.5670680866806
7447.209526667582
7215.4021582006935
1565.9079094912904
6508.543154442537
3280.7394635925266
-3064.73263306182
-8992.878787665268
-3134.22446840236
5847.115278436551
-8504.390680448123
-436.8033685553073
9925.831774014874
-4262.546914279046
-3172.3275885255434
-9362.306435001065
-3843.1223703771702
5540.757279518011
-1829.0313624467444
-1206.0517802693084
5514.312726041597
928.1530524101236
634.1551596774116
-7470.363815048655
-6190.705200501318
-8688.996051667978
8512.678426993712
-4188.751506276609
-9387.169827390851
-4251.33289295315
3901.119256060434
855.3354290401403
5129.872073694163
-6815.1731330314
-2571.697500418719
8260.24488837166
-5828.876360452302
-2287.2814174317436
5441.505168503612
1324.0193846888433
2268.5551101126093
6654.277901450932
-5302.405549188973
536.9898328652653
4094.4708008152047
1081.89230172496
2307.298834184887
8419.873919624268
-17.722843087352885
623.1577757292689
9168.941288572689
5095.356554712724
4598.790279568078
-3330.4498520115612
-9923.360063518374
-1303.0382688114187
-5007.9410021036465
5170.426051858396
9400.887680576645
-2473.255180882783
2291.408777872204
2906.1067474198826
-19.88662323155222
8820.323016871087
5503.555662053781
7583.067098291704
-1406.0020087912526
-9436.486826044375
-5448.105621847608
1242.5323486961333
852.1397501896554
6684.076408789046
-5760.244350779942
3212.275395775403
-4549.086147767532
-6822.684265065389
8581.283472598425
-9158.1184178043
8694.711593922617
8711.821014004316
-1666.007934989415
-75.11095380256666
-5827.803462665631
9845.44182380371
9521.198258595614
-3173.652604029485
2510.409273476158
763.3356993786201
6166.715661490596
-4040.7177552753
7187.495786138104
-2873.254664433198
1629.3890718840448
7998.888019549184
3599.8048260167816
-500.9095528583912
3027.2078121762497
8467.531192431044
4396.070371158457
907.7475676665508
6253.98380921185
7110.900434216066
7667.153770081448
-8719.407411977007
-8131.160552049839
-555.1391975391671
4631.6859334657765
7110.909624819695
-2133.3249850588463
5590.9885452453345
2048.6108987057323
-6133.522181901581
1254.5899549225287
9260.169247525657
-8862.549608893392
-9285.63892991962
7055.867694302298
-7763.045820165102
-6422.756428061207
-3937.881258077893
-426.0518758925755
9973.599185847524
-147.200823918296
-5610.034096520504
4072.872779308398
9701.522055667585
-231.01245220867168
-4375.60104514922
-251.8559725448813
-9413.650025329587
394.3673139268103
-1000.7515282810837
1859.9931470353567
-2550.7836466242597
1478.2854821915207
-6246.459846105648
5854.008529829771
-4003.477309692349
7708.410008981446
4888.487601325971
6600.782381161367
1769.3207364661193
-1506.4078950132734
-5470.024110207439
-8023.096435559393
-8039.576707248523
9983.670558915135
-2922.638675222044
-5833.658551910399
-315.1121607465866
5199.894557470992
-9282.68749753795
6066.867109475796
7757.738228811784
-8058.960735401708
-6075.798588176355
4041.5185733181406
8512.22778195584
-7818.328952680029
9765.767463967757
-8396.406497620796
2614.624228765266
-2111.5388753402067
2507.265785549089
-2291.205251412567
-7359.587136606946
-7806.23831879784
9384.755523288895
5374.536419903774
5292.8630596441
-3036.201219923926
6148.325121517877
3767.592796236884
-7635.866333576387
7884.31383485179
6619.7542184013655
-2183.8115801351596
-4459.892372168526
3759.30385224619
5070.021054428007
-1654.8462936942524
-2288.1363201590557
-7565.8900135364
3962.422152015002
720.9132245249566
1142.0968008994969
-2524.6109545645786
9615.102066650048
5733.154765081861
-1437.722487053401
-796.6132606469364
-7909.546496110161
1960.2004543013754
-6813.175685572705
-696.6445440763
-8723.720504101411
-3103.590103271148
7052.552993496622
4548.43847295981
8808.016332695275
2853.745712024611
-4167.3637862277665
-4221.257332470909
6417.7931718097025
-3737.510230364027
7399.732567816554
-4644.073969473752
8262.520923809592
-8967.510487856429
-9213.587449181694
-9171.487189715428
8403.599778520678
279.92433251419243
-6238.148880201918
-9320.069694835116
8481.663953905165
3816.8118486530784
4312.872896023957
3276.041261224069
5239.446265734092
-4761.026748977392
-8608.58965326482
8121.539891993012
2825.264661481475
-7200.885465978775
-5333.118452565657
4956.143061538285
-701.4713020749477
3710.896858757069
-7284.105472173139
6723.414137491658
-1046.1524171842066
-6477.839174970563
470.342820505095
7713.178005571146
-9272.431199134515
-2710.7155587581965
-8903.578829037813
-2832.799704376048
-873.2133392785727
-7801.534322516294
-3535.0168084146526
-2463.7532713473265
-1028.6584107045928
7010.309362436732
-2576.66253296599
1941.464913450829
-6488.553560641568
-846.6668985460419
-219.23651480478657
-741.1269273755279
-3647.467217991145
9268.389718547118
5312.062247079319
4789.363611512268
6352.367206236942
7471.4888414979505
-555.9070829687098
397.95921448961235
-496.5691460978542
-5882.406326871665
5165.692927124141
-8795.654083215451
114.8090740521111
-4752.041749576008
-4754.6495730191255
1490.2115069558695
-268.9206514267098
-6544.909744568513
-236.91802526304673
3724.9623807230328
-8947.744204984707
-1309.8646486986308
3845.624479701226
-1114.726525880018
6823.6491348352065
6605.405257189435
6729.000100042205
-7573.469153073953
7928.745193536459
3291.652597227774
-9583.216678005256
-6556.746510412728
-2799.1376121758103
8411.620383566235
20.01828475037837
-5333.503893025649
-9288.838090521416
-2355.277985513626
5138.420815724878
-3717.872878410686
2064.742222468347
5619.632792603377
-5536.0924402104765
366.0850088273419
-850.4049706736569
8367.552099430104
5980.627501566134
-4836.601158128034
8328.20725764253
7372.014893439835
1186.0234679575624
9550.667461776811
-6975.648839363462
3202.4263755954144
4269.720896426899
-8607.52792890201
-8961.167771108618
-9730.28768402675
-1744.5614265648237
-7880.723028544483
-7525.614923332207
5925.930140037892
-193.31834063628958
7910.288087056564
3550.8426451998002
9763.164525444354
-1145.250393467999
-3202.67508886253
-489.1238854461226
2849.5139725049703
-3900.9950218585373
-2929.622958578073
-932.9321959706704
1950.476692999906
6744.228556989623
4149.372868880659
2071.489050885424
8943.70380697418
-8603.023159569457
9986.783265271028
7792.442293243654
9490.12723408606
339.51013294349286
7364.153493426464
-6871.535484486563
6261.180846642266
5929.67525016151
8611.891774109241
-7969.045780797542
-7256.317809018719
-8445.653665689193
-3903.7631357804066
-6624.802330146082
-5985.424849563726
-7145.9597701096445
-1255.7978644549057
145.31852995532063
1165.0905377773706
68.29179717424086
-334.9227676673472
-7589.147231095481
2455.4621903219904
-43.71812842359941
-3478.0864357850724
5264.1761979287185
-3914.863009326584
8767.496705505408
1669.9792215358193
-9519.822044398998
3169.481789591702
5677.655341521426
-5697.076191523603
-5868.1138354793875
9685.413775196106
-5795.65343909239
6630.137432352862
5944.373939020399
-6842.434704009972
-896.4406579797287
-8863.151176528754
-9555.679596014348
-1391.1279859294482
2450.5514091420027
1188.8784332621562
-8055.623673869061
-1661.576026928211
5375.215421171493
3866.1387337026754
-6811.525484601187
-1049.7491333536855
3760.416227642998
2748.207468249646
-4231.7866317483795
-9249.594361227575
-2610.465703144234
-378.21374275919334
7174.234917677699
-4843.825779974886
1666.4886479692013
-2597.6056135977196
1092.3134143118314
6685.3581796696235
8809.81712299238
2170.8995693813285
-2018.364146024458
7957.734090049933
-2335.728249121782
9689.589472964057
3778.4802255218
-7252.138322388135
7261.922603620667
-466.35746949792156
-4465.550258682254
-3558.2137661486104
3418.271337246415
-8722.812623637004
-9226.030064563975
-9901.096465699417
8120.013815451064
-2417.1834642001722
8853.722087036265
-4088.8981531571544
1122.6485409943616
239.84078242737814
3233.0264079923854
4627.0833537868075
1892.5896953591
9356.532937537955
8057.521556890864
3006.8926165987796
7464.0742876974
8737.005993026942
-4809.814458283281
-9790.419073534162
-9710.645810205211
-6369.600100950647
-7608.618461958407
6483.928429776417
-3227.726800412467
2725.7143449815667
5548.227482763332
7590.001487009649
2858.518916338924
2360.73447102526
-7661.810949855745
-5723.291834514704
3010.89009693538
6963.772386926506
-5215.0842118457285
1139.5749146480066
-5309.322128806928
9360.188262549505
-3813.7681504580505
1730.961586107891
-6437.968954670532
-1678.634966619442
7341.155432956904
817.9797750352827
7736.070902933778
-4290.757145919426
8571.731979848017
6368.209481748239
-5641.501019288926
2431.408487416282
9026.825333680445
8514.494036985649
325.422765174726
-5477.175715715443
153.56720219056479
-5409.870342717575
-6791.601891805483
-5423.818118287114
-1477.0588272202149
-9637.351654859413
2914.4925091155146
-8995.376557401994
-4385.042620314832
-8118.069005305357
-8474.153222281586
-9379.39033241105
-4054.583129223499
5615.092960667773
8206.4103228298
-6306.851632715125
2838.738474105465
4724.751211607212
3376.5494075144907
-9410.638240179836
-752.3794292594303
1202.93597213033
-8308.64769786414
-4594.70825579626
6354.335275563131
-1612.8429201047093
-5331.286743332482
5489.49346978241
9267.807508240083
-9626.677842976935
-7892.79048212781
3026.781622387989
3976.187570449618
5228.451973951251
-5432.360856572865
-5341.41229879657
4990.0599243534
-1549.0461758147121
9848.356757594975
-3921.7082265110384
-3619.5768120540415
6897.623419523312
4705.923087127745
1692.5449914885176
6257.794580958618
-9221.784889183535
-6269.763730112223
-5924.49314264981
-7853.593812845133
-6988.78341656098
2127.3007383822533
6469.271428586955
-9909.023622389328
6283.1148677557285
7648.513782189129
-9268.796015536711
-31.639771943546293
-1361.5137733885404
1445.0107211906688
3790.1488846881075
3143.1670946519953
1410.7678961670354
-8688.289023770329
2423.550808882761
-4928.378211863098
8925.147402876166
-3450.5980916029057
6319.951420114388
-5737.465378208457
5551.486405034921
6041.917994022169
5066.875468846285
6800.905966918901
-6677.742126080792
7392.340665165506
5202.663919536932
-2178.963061978865
-8279.622584422417
3456.891761879213
-962.0830017856988
-918.6404261462394
6991.505286002433
3840.0431720709366
880.7099356112485
9895.492617109572
-7935.2234602459375
-9533.335846721142
3896.258044885786
-6313.2098439293395
-9357.14182525569
-6159.688504400967
-2881.5428043155825
-9775.333519952987
-6499.032625537984
-9920.39773599791
-8328.971484211661
8010.2527219543845
-3502.708611763439
-8164.4953840691
-2794.65798154785
-2157.457543139556
4528.084869415499
-2144.7628624827494
2848.139233802658
-4202.061576142894
-3603.707428136012
6556.930352095213
-1905.0599771067045
8838.182479679585
-2563.8401382305155
-8970.804177420296
4711.098325316798
-6566.072368513969
3057.6769588037005
1997.8381464569939
7217.162909138293
2346.9347595558356
-1052.7071972451504
-7569.685890305118
-4542.2936689385415
-271.2629673781721
9212.546251048243
9089.647904124638
-9806.522303991898
7762.788293055772
4113.040375318731
-4870.429273934127
-92.81809425560823
-432.67345229933926
-7187.687273232508
-8302.016010037194
-7298.643848327783
-9970.522667615396
9509.373069016576
-5610.6769841679525
-6041.81790120971
7881.460337781835
4307.946844323307
-8318.406148026816
-1323.3085192265808
-5698.0508437149165
4602.188764443967
-6711.3442985463935
-1533.907462572648
8384.600550996405
-8948.920953564873
-3558.7584792828666
-8394.163492003137
-4506.8263437397245
5472.174079554337
8158.569284376732
-2007.2482035930043
-6879.592648673749
5278.690063991924
-2580.4088784844707
3799.1494081478068
-2827.1625303784667
-409.466829168563
5043.030450578088
-8839.01900104096
3551.4419608898625
-3020.1065583278796
8651.136141217768
905.5437171791491
-9125.877995639701
282.8951978431651
-6317.911424452903
-4237.3103586367615
913.6511512716988
9165.059044551068
942.3542856193053
-2171.6845865511477
-4150.159432688521
163.97961389549346
6747.140529726457
-1703.2387756341723
2773.3114242258107
-2117.685865626948
-2981.732265850176
-298.7815722122523
516.027922821293
-8622.833452477707
8407.24560623318
207.87789554156916
9287.118079864777
2923.42881016255
-9980.200052471362
-6677.980818634011
-1534.3348010156042
8341.03782726713
4652.905681988153
9518.5299204412
6342.520235676078
-6863.658444061977
5077.268816436039
8773.273981741153
-4184.86799357868
-2464.609405210501
-6554.816694876659
3437.5757522414824
-7045.061574438292
-1535.9681041753174
6350.405499367347
9149.048741330436
704.0924464867549
2390.3299057107834
2115.3903027378383
-8907.696315337382
7955.128847283682
4544.075083434018
5650.505442497859
-449.5125711731016
-5997.9207162852235
1817.1127727713229
1447.8773165067832
2784.1777789382304
4853.983772673349
-5585.99573540024
6504.709983423141
2152.053104092167
-7218.777674610446
8239.172538899911
-2364.8203004487623
7829.637655306709
7125.784632422361
-9621.026170367522
-13.628480611847408
-1391.2799668391144
8479.106732297474
-8853.282970675118
-5629.463861921644
-1053.9631236346795
3012.7835226266234
8434.320517939064
-1053.0299579966631
-6645.934598985395
-9817.571130990986
8206.704492515037
-3254.8634414055514
-6689.012701240343
6761.421658072388
2915.6285409200736
-4732.204815254977
-5780.730707346611
-2061.0486396640563
-9405.176960557832
-6411.243508065057
-8679.832462173592
3278.6733229002766
3899.977834120502
3425.0419474627215
-1394.1796318370798
4480.03511840735
-8662.445700112716
-9044.737347765402
6253.6274824433185
511.6901735409647
2554.512897401388
6073.151922790343
2317.752486894691
1854.4750702768797
2425.5545524398294
-3269.720354021477
1377.49007652428
9923.382745679577
-9282.583225613927
-2457.073095364972
-1302.3908580971347
8439.106139368869
-7140.872892499603
162.64316880616025
-4678.356048691075
-9275.236486488375
-8769.734719525384
3068.7286816645446
-406.1138096035738
7667.346012648861
765.245685119582
-3414.3208286753106
1902.952580137664
7998.195995298614
6417.90496097667
8665.652043177644
3203.0887654755843
7434.101714865712
5915.47071037324
-5676.321320267188
-2451.4895037099586
8295.485898185088
-3103.7892015993048
-2992.6868003481677
-6575.795699565301
652.8792731076337
-4544.284999047226
6272.570943819959
-7328.765965951953
4704.335302797566
-9890.222543337473
-8991.695452764929
-8196.067653601207
-1473.9679672947586
1903.2947147200139
-344.4399310254448
606.0697866077553
-394.5822546067702
6545.634936431114
-3654.222236751474
2080.0271131043573
3349.122218780036
-2960.4791506597076
1427.8261373387832
5457.93440622191
-7571.073448164309
9585.75401040323
-7557.171858296055
4781.643260766734
7222.987276951284
-7219.6075047988215
7407.980178749531
-4486.00074352735
-7746.89190637224
-7099.641120125842
6012.842126578795
-5781.707532656673
-4576.662169213759
4842.628375747903
-6764.445894715105
-8244.231069083811
9681.215857536812
-9477.154086231543
1850.863693271016
-9582.288862178748
-6213.910528849205
-4713.91369611966
7750.0728977275685
-8375.113440349322
2322.5746601424653
-2577.4320558349364
-6611.718936313835
1762.4976999980372
-6327.201479258478
6771.597838208778
-20.278713452382362
1610.3194005665973
7642.233042505843
-5624.469347184293
-8644.475278483274
-9725.520481940448
1507.489572113027
-2662.786180039955
-3691.519750826559
-608.6584952257472
-4409.96349906255
-7121.922854550399
372.5515362183378
1779.6778760307589
3188.187901831516
8840.713037214566
-9643.765553336823
528.4596212209963
9947.772652935062
2413.9803442554567
2111.5939065136135
1481.6049184989242
5793.489550437718
2787.8078232093158
64.79554221617582
8796.843184792277
812.4079586547305
3347.768657635688
7255.489215351157
-1233.011616866408
-6283.3459530973505
-2326.5478905992577
3647.6298015767297
-9368.39699321504
2411.799005729088
-2885.2236201181695
-887.8121928529363
9607.466206627869
-5528.526112952101
-1539.503494056864
5351.539895597836
-851.2637389103293
-8262.633112607622
-5071.364447598974
-4101.271009568963
5613.305864675622
4042.853481920687
563.2911245361665
6502.53820930226
7847.5862290510595
-8946.087439317494
9809.734108197197
6068.280736580169
-2396.7428423251904
-9682.783106043318
-6137.05409480652
7578.745433876575
6195.751133758111
8903.642079532096
8373.543509468484
-5683.101480706891
5530.229312587229
5875.879287405121
1299.6254802612038
-5167.994804892622
4989.899599642744
-8212.76592086098
-9820.446592357184
-598.4047378140094
76.4822932412444
4514.6350104942685
-8148.402260552088
-2273.551922686567
5738.175463244035
2716.252729862861
-7880.267520719495
-6143.164036998827
-6389.364202662699
1522.8926370302688
4025.545843356207
3108.1449020864
-6092.634581953547
4442.887441348299
9243.14872376115
-3576.17091176947
-1885.247606957696
-5342.60784696236
6323.158481665472
-2101.7601846600865
-760.2774262987296
9118.353054624167
-1804.9016123167785
3273.337838075133
-6887.702360978987
3230.1762773023293
65.77743810544598
-1492.6110406208772
8052.752841160262
-3850.4608283579
-3396.0990635359667
-7089.152735563604
-3852.052775935419
2492.270378724601
-4221.064758977029
3474.3357484580574
7456.013790145047
9426.210948332344
-3816.4927173594124
3050.306841965121
-2205.505842635771
336.5127104274761
7591.416322927209
-3212.1090977081576
-3325.097611297587
-8124.453949916435
5702.195483544876
275.06813656227496
-9589.464169497274
2481.141744643677
-2728.428780683509
-2682.7981281992616
-4566.127233342745
1906.8308531859493
-5113.834212167021
-1948.6158746330993
-1796.2889759495429
9526.63362817989
638.0263098360847
-4801.686132705205
-9474.229793572416
-4972.385748136477
-7077.958795822546
2407.315444886215
-3377.160390629654
-9112.852414339186
6530.381439507637
-7232.186552427011
-327.72850549861323
9091.92962809847
-4855.126179894422
4034.0297382695935
-154.3868082689296
3729.441765913123
-10.097155354813367
-9224.340717742734
1723.5904900015921
-8054.660645524372
-3000.9273081059855
388.8457789688164
497.673618109382
-1248.3529640086763
2764.9405735572327
3865.138951964478
8317.981321827032
-5654.064947150104
-1154.556466799182
-8614.47646565807
-489.5080713289717
5440.84499582547
-2637.8074713672177
2513.528213679756
-1882.2767550081317
33.120511522523884
-7479.711766792332
1446.2428918409805
-7210.623456098905
-8245.19219256641
4412.265918379011
-9254.119066556337
7151.879631199234
1624.2209417072227
6754.841068204554
9131.383560170249
8110.436098203234
9799.488340092314
-724.1827802564549
-9557.122131523989
5266.155506169785
-272.8273780917625
5067.5952259168025
4570.610358708453
7572.292806690661
9009.53677736708
-1415.1825045109763
8761.585740256713
5492.069078094053
-8185.646243709129
-6581.423954641703
6787.755273421804
-1700.444453877275
6927.284722026718
8278.590766213463
-9015.811592652532
-3956.1665593295456
2130.3069815752788
3888.3998691331544
-8662.790328461015
1248.930459660598
5784.537444123251
-872.7892782139552
-5872.804020064009
-2142.3060670732384
5995.404740139127
3741.804389454521
-5341.940522236299
5913.7925967392075
9495.592854258324
-4529.484634424887
-5598.535105917864
-5796.6587850408805
-9702.814321153981
1925.3087433750025
-4935.287688716585
-7636.248722373251
678.6479081648176
3495.528973868393
9205.787270079076
5355.430805706668
-9140.21289025983
-2458.7929569199223
2295.7269665173735
-3510.2249131287144
6271.33190534803
-4794.205375892113
7935.9335497392785
-3741.3502466748723
6980.2706190895915
-4028.329886213449
7603.729404899172
-3431.5080572439083
8653.898787955473
6477.224592174385
1985.9527366961083
-1205.471952119322
4194.480109444896
9374.304872725286
-5975.809750900822
7072.500099051351
-1486.774684697859
5004.720224259649
-7258.373793910669
3339.8209961164266
2179.731798884319
3802.5395285036484
-2207.148402842984
424.20202922232784
7682.218377984424
174.33676246905088
8299.004182954744
2710.9618866178025
5058.894029122888
8886.359793197535
1699.4583756535267
-3785.2481706339768
6097.978736517729
4031.8154009100635
2045.668304527333
361.776787645631
2205.2033531895413
3507.2476124908917
-8958.329556506864
5292.581705945226
5014.0710750914
-3438.718937754513
-3450.8146444681524
-1998.4709052765966
1432.1846904532194
3513.625620855568
-5033.077368081403
-635.2778443183543
-6379.804653456596
6968.967886741542
-6463.386550873993
-2803.4773594707785
-4344.961764478292
6467.7880792363685
-6559.582054110731
-6318.062915485112
-2220.6910840657893
223.94560804009416
-6573.616757246678
5266.192467075516
-2008.2299518396885
-7325.091042841889
-9822.587919931339
7232.0647407760225
-2624.0379446015913
