9939.610773527711
-9047.75490299844
-9318.302115035136
-4262.352032995706
1578.6001467573096
-2211.5777467805483
-2187.05105598306
-3303.5950075227065
2937.6762199525965
3782.6832115878897
7663.22243346872
-8709.67489709028
3975.648846559485
-5191.138215424183
8544.859222478004
-6218.066197036725
-5863.5233323766615
-9287.767927595774
-8154.947406322217
-8701.40498073033
-4153.530473160292
9051.602315389224
6503.955580870053
8957.14096260906
206.51212730464613
5234.50744908486
6113.6057968741225
-4056.216044476193
-6181.812532201163
-8550.454561319291
-6964.359487011383
5002.63987391394
9022.404815909566
1268.9994906811135
9594.2888445817
7015.4024653194065
2689.285509866342
916.8629798274051
6969.30146637922
6739.693673608337
-7916.471718187227
6968.847901672336
-164.31859677115608
-9845.723052433279
-2487.975018256605
5031.90087354177
-9058.31958875415
-2910.3200061978596
9286.847661777232
3646.0606265707393
-1959.592785055842
3007.8661427879833
3032.5815600324895
6241.961070711388
7370.280078869997
5358.561630400607
8816.281894883385
9925.32565173705
160.91474218524672
-7513.162183375702
7843.137354864342
3153.505847850258
-1501.0878176571423
9678.751450220807
-9173.388542284942
-3998.3719946682286
-8962.874687239042
-3407.047320691883
4500.262211973519
3889.969433271015
-979.6670133213502
-9609.542689932066
7066.687486783179
-2309.9784890916726
-4383.836180515648
-1332.1391446710095
4736.956503412624
102.29505237273588
-8891.217822282912
-5431.609696712869
-3700.939464770394
1518.792372493841
-1776.802881580721
-3560.708548508387
5328.183739424883
-8554.975003880769
-8717.229995938416
960.6514821676101
-6286.230226800005
-2847.541295162546
2587.2820751775
7664.519935074604
2591.5363591481328
6846.064963176479
2921.8353287163936
-6793.238462099886
-8485.662383381286
6276.702017456131
-4525.822456145507
4012.3610815747343
3059.6716154704427
7690.916053007131
6472.005640893938
9247.333907051227
5848.548037834655
2182.320200466391
-866.3682111392591
9851.912041863685
-3456.3918008117735
-5363.486116263567
-6674.963057071776
-5841.884346268338
2143.8712873379864
7000.577783269018
-7706.647801093182
-8964.793960829673
3520.5687010263955
6290.002154047537
-8257.345788058308
2573.5908943478644
-991.7551873639295
8817.877934192376
-2344.121144379319
1878.1210289094379
-1387.2605703103163
-3553.1477376360554
-8197.195145792472
1485.1709910903483
